Macierz wektorów własnych:
0.242606 0.363043 0.444425 0.472925 0.444425 0.363043 0.242606 
0.505513 0.266095 -0.233758 -0.487868 -0.233758 0.266095 0.505513 
0.406041 -0.428704 -0.143532 0.511357 -0.143528 -0.428699 0.406045 
0.423063 0.474214 0.310063 -1.04883e-06 -0.31006 -0.474217 -0.423061 
0.143873 -0.336988 0.476721 -0.526259 0.476737 -0.336964 0.143893 
-0.490828 0.113444 0.496204 -5.50142e-08 -0.496204 -0.113444 0.490828 
-0.283031 0.512104 -0.397043 -1.62851e-13 0.397043 -0.512104 0.283031 
